[gd_scene load_steps=13 format=3 uid="uid://dcgulooakxcf8"]

[ext_resource type="PackedScene" uid="uid://tar4o1gxdhg1" path="res://scenes/player.tscn" id="1_vryax"]
[ext_resource type="PackedScene" uid="uid://lsgeeqv4m2fq" path="res://scenes/shoot.tscn" id="4_6smg6"]
[ext_resource type="PackedScene" uid="uid://dlbsxpvadviqe" path="res://scenes/knockback.tscn" id="4_xinev"]
[ext_resource type="PackedScene" uid="uid://txrrl3ulsq0q" path="res://scenes/hp.tscn" id="5_756q6"]
[ext_resource type="PackedScene" uid="uid://6w4uqo2jvkw2" path="res://scenes/mappi.tscn" id="5_e048o"]
[ext_resource type="PackedScene" uid="uid://b372gws01d6dy" path="res://scenes/acid.tscn" id="5_p314c"]
[ext_resource type="Script" path="res://scenes/game.gd" id="6_7n34u"]

[sub_resource type="ProceduralSkyMaterial" id="ProceduralSkyMaterial_tulc0"]
sky_top_color = Color(0.270431, 0.379766, 0.91661, 1)
sky_horizon_color = Color(0.585924, 0.638771, 0.885676, 1)
ground_bottom_color = Color(0.8174, 0.77231, 0.967613, 1)
ground_horizon_color = Color(0.723392, 0.714791, 0.936016, 1)
sun_angle_max = 342.02
sun_curve = 0.184672

[sub_resource type="Sky" id="Sky_3eu17"]
sky_material = SubResource("ProceduralSkyMaterial_tulc0")

[sub_resource type="Environment" id="Environment_bjx4v"]
background_mode = 2
sky = SubResource("Sky_3eu17")
fog_light_color = Color(0.90024, 0.983726, 0.998179, 1)
fog_light_energy = 2.5
fog_density = 0.0
fog_sky_affect = 0.0
volumetric_fog_density = 0.4001
volumetric_fog_albedo = Color(0, 0.81302, 0.277683, 1)
volumetric_fog_emission = Color(0.311659, 0.820097, 0.544245, 1)
volumetric_fog_emission_energy = 0.05
volumetric_fog_anisotropy = -0.49
volumetric_fog_length = 1.0
volumetric_fog_detail_spread = 3.24901
volumetric_fog_ambient_inject = 0.66
volumetric_fog_sky_affect = 0.0

[sub_resource type="BoxShape3D" id="BoxShape3D_ldt8b"]
size = Vector3(2.7113, 1, 3.53317)

[sub_resource type="FogMaterial" id="FogMaterial_sd2h3"]
density = -1.4002
albedo = Color(0.502037, 0.834654, 0.980059, 1)
emission = Color(0.0890275, 0.413105, 0.300099, 1)
height_falloff = 151.205
edge_fade = 0.000815718

[node name="Game" type="Node3D"]
transform = Transform3D(1, 0, 0, 0, 1, 0, 0, 0, 1, 0, -0.00395554, 0)

[node name="WorldEnvironment" type="WorldEnvironment" parent="."]
environment = SubResource("Environment_bjx4v")

[node name="Pleijeri" parent="." instance=ExtResource("1_vryax")]
unique_name_in_owner = true
transform = Transform3D(1, 0, 0, 0, 1, 0, 0, 0, 1, -0.865204, -2.67741, 0)

[node name="Camera3D" type="Camera3D" parent="Pleijeri"]
transform = Transform3D(-1, 2.687e-08, -8.3191e-08, 0, 0.951594, 0.307357, 8.74228e-08, 0.307357, -0.951594, 0, 0.847789, -2.27704)

[node name="score_label" type="Label3D" parent="Pleijeri/Camera3D"]
transform = Transform3D(0.222, -1.17297e-15, 1.39828e-22, 1.17297e-15, 0.222, -1.47593e-08, -6.18456e-23, 1.47593e-08, 0.222, 0.351, 0.269, -0.383)
text = "Score: 0"

[node name="abilities_label" type="Label3D" parent="Pleijeri/Camera3D"]
transform = Transform3D(0.222, 4.44089e-16, -7.10543e-15, 3.10862e-15, 0.222, -1.49012e-08, -5.32907e-15, 1.49012e-08, 0.222, 0.351, 0.220467, -0.398675)

[node name="hp_label" type="Label3D" parent="Pleijeri/Camera3D"]
transform = Transform3D(0.205, -3.64153e-16, 1.08526e-23, 3.64153e-16, 0.205, -6.10948e-09, 0, 6.10948e-09, 0.205, -0.36, 0.223, -0.318)
modulate = Color(1, 0.246188, 0.378151, 1)
outline_modulate = Color(0.294532, 0.0762849, 0.0621258, 1)
text = "♡ 100"

[node name="DirectionalLight3D" type="DirectionalLight3D" parent="."]
transform = Transform3D(1, 0, 0, 0, 0.0119204, 0.999929, 0, -0.999929, 0.0119204, 0, 6.87773, 0)

[node name="killplane" type="StaticBody3D" parent="."]
transform = Transform3D(57.4844, 0, 0, 0, 1, 0, 0, 0, 40.7933, 0, 18.8432, 0)

[node name="CollisionShape3D" type="CollisionShape3D" parent="killplane"]
transform = Transform3D(1, 0, 0, 0, 1, 0, 0, 0, 1, -0.667908, -28.2037, 0.144455)
shape = SubResource("BoxShape3D_ldt8b")

[node name="mappi" parent="." instance=ExtResource("5_e048o")]
transform = Transform3D(1, 0, 0, 0, 1, 0, 0, 0, 1, -37.8012, -3.74271, 6.03883)
script = ExtResource("6_7n34u")

[node name="FogVolume" type="FogVolume" parent="."]
transform = Transform3D(1, 0, 0, 0, 1, 0, 0, 0, 1, -35.0263, -5.08911, 8.52271)
size = Vector3(91.9284, 4.03712, 99.6899)
shape = 2
material = SubResource("FogMaterial_sd2h3")

[node name="shoot" parent="." instance=ExtResource("4_6smg6")]
transform = Transform3D(0.771591, 0, 0.636119, 0, 1, 0, -0.636119, 0, 0.771591, -10.0579, -2.77288, -25.9725)

[node name="shoot2" parent="." instance=ExtResource("4_6smg6")]
transform = Transform3D(0.600406, 0, 0.799695, 0, 1, 0, -0.799695, 0, 0.600406, -64.9225, -4.51532, -12.4849)

[node name="hp" parent="." instance=ExtResource("5_756q6")]
transform = Transform3D(0.0207682, 0, -0.999784, 0, 1, 0, 0.999784, 0, 0.0207682, -45.2248, -1.67108, 27.0744)

[node name="hp2" parent="." instance=ExtResource("5_756q6")]
transform = Transform3D(0.251073, 0, -0.967968, 0, 1, 0, 0.967968, 0, 0.251073, -41.3576, -2.54956, -37.0375)

[node name="knockback" parent="." instance=ExtResource("4_xinev")]
transform = Transform3D(0.866025, 0, 0.5, 0, 1, 0, -0.5, 0, 0.866025, 1.55385, -2.71534, 31.5586)

[node name="knockback2" parent="." instance=ExtResource("4_xinev")]
transform = Transform3D(-0.772589, 0, 0.634905, 0, 1, 0, -0.634905, 0, -0.772589, -69.9246, -4.74877, 9.43081)

[node name="acid" parent="." instance=ExtResource("5_p314c")]
transform = Transform3D(0.258819, 0, 0.965926, 0, 1, 0, -0.965926, 0, 0.258819, -40.3016, 0.419537, 38.9217)

[node name="acid2" parent="." instance=ExtResource("5_p314c")]
transform = Transform3D(0.258819, 0, 0.965926, 0, 1, 0, -0.965926, 0, 0.258819, -24.2389, -2.41119, -16.5998)
